0.8681436
0.9319547
-1.294736
-0.4540401
-0.3182464
0.5761433
0.2445617
1.466747
-1.066855
-0.2059035
0.5390219
-1.764679
-0.2255233
-0.04487853
-0.4663287
0.7630448
0.231318
0.3572523
0.387313
0.9491411
0.8468623
0.3144964
0.8903335
-1.048092
1.060706
-0.6098468
0.1667782
-0.3687938
1.018564
0.08288994
-0.4061403
-0.1051076
0.9452276
-0.5835629
0.3514441
-0.3271441
0.7809496
1.025312
-1.251262
0.3567238
0.9234392
1.533271
0.02757317
0.689531
-1.052117
-0.2396857
0.767013
-0.2507518
-0.4329721
0.2952654
-0.9306835
0.9960601
1.013731
-0.1734571
0.08350577
-0.1321707
0.3263558
-0.5201569
-1.247193
1.629412
2.207076
-0.720689
-1.21039
1.275209
-0.1468528
-0.1766957
0.3592752
-0.2650855
0.01207065
-0.2429498
-0.5585586
-0.2866013
-0.03413003
-1.124597
2.387777
1.342367
-1.928181
-1.381196
-0.9819738
-1.784017
0.1359747
-0.1338111
-0.917926
0.2234987
0.5679491
-0.07277527
-0.5589361
-1.278105
0.1736399
-0.6873867
-0.1281858
0.257941
1.075256
-0.4679887
0.6223661
0.5239801
0.7333065
0.489252
0.888863
-1.381692
-0.7380526
-0.2775527
1.204839
1.244424
-1.500482
0.9801082
-0.03902144
-0.8497365
0.2099093
-0.7509644
0.9457008
1.038519
0.6122814
-0.4458962
-1.294425
-1.472735
0.5505953
0.5401878
0.6875173
-1.136383
0.9948409
-0.2674133
0.07903085
0.9898183
0.2332972
0.942328
1.106346
-0.07316958
-0.2159947
-0.792621
-0.1818457
-0.2766962
-1.035939
-1.159514
0.05161571
-0.7505788
-2.655192
-0.3574364
-1.70686
-0.1121207
0.05645597
-0.6471404
-0.9727545
0.5887455
0.08303221
-1.634788
0.3919654
1.73172
1.081444
-2.12702
1.578414
-0.9587496
0.8918678
-1.096741
0.4476395
-1.757088
-1.014041
-0.156044
-0.9168697
0.4361387
-0.834578
1.67674
-0.571558
-0.5222796
0.1561502
-0.4992869
0.2120524
-0.2236281
-0.312047
-0.6237608
-1.083639
-0.04154509
-0.0004897109
-0.8596009
-0.2469343
-1.036473
-1.422279
0.8267573
-1.515819
0.21139
1.846384
1.423532
0.1868971
0.2839149
0.5202654
1.698483
-0.7587724
-0.4229173
-0.4122492
-0.1417949
-0.6893571
-1.04822
0.4266907
-0.3745549
-0.7557637
-0.03271019
-1.694045
0.2875386
-0.6318278
1.126328
1.394759
0.8136895
-0.2600683
1.251718
0.471827
-0.02261153
-0.1405458
0.3935712
0.2923696
-0.3231482
-1.149305
0.6999688
-0.1334635
0.1250232
-1.02272
-0.1972354
-0.5278997
-0.748739
0.3377907
0.3268701
1.517033
-0.4076608
0.1760876
-0.4741231
-1.79712
-1.503142
0.220285
-0.344803
-2.01013
0.2851075
-0.2457497
-0.6661214
-1.494489
1.126298
1.083169
-0.3871801
-0.2197444
-0.7718783
-0.9450011
0.009143223
-1.374035
-0.6837269
1.447587
-2.228978
-1.384943
-2.053279
0.9939017
1.244909
-1.154202
-1.501669
-0.149932
1.119944
0.3393159
-1.14799
-1.006682
0.3200161
-2.402442
-0.1953966
-0.8178794
0.05577768
-1.945581
0.3624659
-0.2605215
0.5069515
-0.1513603
1.502612
0.7855846
-1.638004
-0.278875
-0.4172374
-0.4855745
-0.08564302
-0.3870188
-0.3933167
-0.1910343
-1.387868
0.4285762
1.101001
1.475331
-1.344769
0.1518007
0.5778533
0.3881331
1.114815
1.254047
-0.3714521
0.7182407
-0.5741497
0.3155967
-0.3758776
-0.6152693
-1.05648
0.3659396
0.02296521
-1.568501
0.1565833
-0.9953208
0.4331363
-1.800221
-0.8090588
0.6724547
-1.052878
-1.322033
-1.716588
-0.1235003
1.900923
2.921708
0.4736719
-1.434698
-0.8326763
1.2523
-0.2126795
-0.5154633
0.5556074
0.6692614
-0.06523357
1.215806
-0.04966581
-1.650367
-0.8131588
-1.096101
0.7854865
0.09899225
1.868912
-0.536818
-0.1354789
1.140036
-1.289723
0.09216289
0.01726573
1.019836
-0.1163846
0.1579138
1.455315
1.652131
-1.445212
0.7052027
0.002508015
0.6449969
1.199224
1.505586
-1.130443
-0.5685276
1.796439
1.086656
-0.1177995
-0.6337266
-0.2474837
0.09245808
0.03940833
0.1351772
-0.5749121
2.487431
-0.9731143
1.084308
0.9819069
1.078935
0.6885142
1.550201
-0.5715554
0.234843
0.2172346
-1.118871
-0.7387159
0.1691799
-1.006269
1.14105
0.2624453
1.86883
-0.3901359
1.324098
-1.248356
-0.6150095
-0.4334154
-0.04667943
-1.386159
0.9331051
0.6392539
0.6715549
0.347199
1.340144
0.6231338
0.9559027
-1.124436
-1.966216
-0.6947415
2.16111
0.412076
-0.5307177
-0.02254152
0.1071748
-0.06397063
0.9141966
-0.3803384
1.221737
0.1895398
1.234137
0.2418691
0.8756218
0.3454918
0.7152904
-1.340895
0.02707147
-3.415518
0.1609091
0.243148
-0.7205531
0.1285609
-0.4818566
0.1213173
-0.2758722
0.3646007
0.8121879
0.2400676
0.889145
-0.6061475
-0.3244268
-1.375493
-0.2854567
-1.362581
-0.4428331
-0.6260402
0.1268686
-3.736611
1.184838
-1.129115
-0.9739467
-0.604161
1.666159
-1.124465
0.7944611
2.099051
1.387378
-0.9848771
0.7092125
0.3282603
0.7416396
-0.7502345
0.3612851
-0.5918847
-1.844364
0.1409411
-0.1365752
0.1272534
-0.6296878
0.0006791192
0.584835
-1.834505
0.1490408
0.3600093
0.5194535
0.9926194
-1.521576
0.5837426
-1.752967
0.0871836
2.233481
-0.0250785
-0.2148781
0.6534348
-1.66422
1.979484
0.8586821
-1.339149
-1.206212
0.398369
-0.2330942
0.8996199
-0.1539173
0.7241879
-0.05399771
-0.2333305
-0.04529796
1.223041
0.1358857
-1.064486
2.409892
0.2489112
0.220625
-1.279789
0.2291549
-1.304504
-1.213324
0.4271833
-0.7452147
-0.06587444
1.492411
-0.5856605
-2.109581
0.1812989
-0.9062724
0.3459509
-1.825914
1.65786
-1.26142
0.9436429
0.7106664
-1.020378
-0.9705914
-0.7682185
0.1143041
-2.266369
-0.4052827
1.2722
0.6256915
0.08961548
0.5320323
-1.685049
1.027444
0.05004573
1.780829
0.9767988
0.7698992
-0.4789672
0.001392056
-0.7503338
0.06245709
0.2212348
-0.4431426
0.773244
0.06724402
1.074231
0.5183138
0.6724443
0.2578531
-0.5174584
-1.240019
-0.387935
0.5152291
0.006420415
-0.9270825
-0.5289656
-0.2499883
-1.751024
0.7429569
-0.2835049
1.224924
0.5982005
-0.6853489
0.1692485
0.6962578
1.373831
-3.425958
-0.9978108
0.6998795
-0.4692093
-0.1263913
-0.05576619
0.321674
0.1384243
0.2618884
-2.916077
-0.8863658
0.6803206
1.552345
1.622188
0.4413172
-0.2503432
0.5528995
1.419457
0.5938097
-0.7339153
-1.519032
-0.5851417
-0.6281724
-0.01399356
-1.01762
-0.4750799
-0.4852349
1.12912
0.2970557
-0.316567
2.276767
0.823532
-0.5131513
-0.5175752
-1.830667
-0.507881
1.062142
-0.2712279
1.217242
-1.476977
-0.8461645
-0.632204
-0.1289209
0.5129635
-1.585606
-1.078312
1.865014
-0.7434406
-0.00628828
0.243578
-0.2773285
0.2437861
-0.1209328
-0.4339248
-0.8096204
0.1755848
-0.5583474
-0.8783706
-1.455941
0.25147
-0.1603023
0.8573604
0.02511646
-0.2478145
0.6468535
1.023197
-0.736141
-0.855685
-0.826892
0.2419248
0.5483541
-0.3415127
-0.05381638
0.6596869
0.7193209
0.5719046
0.2999943
-0.2107432
-0.6382925
-1.621017
1.379668
-1.665884
0.6936105
0.2327846
-1.143566
-0.1010061
0.8378268
-1.086137
1.099486
-2.545932
0.7398587
-0.7424171
0.6948929
-0.606959
-0.7914704
-0.474849
-1.030449
-0.1956025
0.9353654
-0.3194179
0.2809864
-1.734533
0.2124694
0.7318799
0.7114842
-1.816127
0.331783
0.2577794
-0.1600022
-0.6889934
1.818494
-0.3743594
-1.724683
-0.1322343
-0.8618924
-0.3818475
-1.056135
0.8144472
1.540211
-1.403049
1.038978
0.1490998
1.30833
-1.05214
-0.4166008
-1.771809
1.749733
0.06612796
0.3941051
-1.74333
0.1671773
-0.7725089
-1.20868
-1.367241
-0.1725381
-1.105304
0.5342334
1.113965
0.7162436
1.767588
2.291962
-1.067022
0.2920119
1.049204
-2.265559
-0.6332947
0.6709983
-0.897113
1.381142
1.028906
-0.04358737
-0.9635096
-1.017953
0.4381237
-0.3117773
-0.4020382
-0.8757893
1.731242
-0.1599698
-0.125278
-1.272179
-0.03848146
0.7047553
-0.5088135
-1.184147
0.09302332
0.08478823
-0.4024383
-1.135082
-0.8254127
-0.4404719
-1.687079
1.103629
-1.538063
-0.1648975
0.2127994
0.7434941
0.6144873
-0.3805572
0.5967293
-0.1722843
1.760749
0.2416989
3.425414
0.4080467
-0.09363966
0.4573334
-0.03456439
-0.2849168
0.8741493
0.04909471
-0.2965222
-1.206688
1.219755
0.1022025
1.306601
0.7553255
1.104417
-0.9090895
1.253729
-1.162226
-0.6673726
-0.4440612
1.383599
-0.7326932
2.129873
1.3983
0.2660625
-0.2994176
-0.8166987
1.904079
0.994386
-0.1192954
-0.6564304
0.1724918
1.109418
0.1334463
0.6223216
-0.698486
-1.379162
-0.8623477
0.05791351
-0.7128212
0.7479815
-1.361924
-1.607153
-0.05507082
-0.2861248
0.1901196
1.151511
-0.8776073
-0.4561547
-0.8007989
-0.5002181
-1.07813
-1.031422
-0.9406672
-0.1580408
-1.831165
0.5860303
0.02097092
-0.2900893
-0.4902032
-0.3206459
-0.9878035
-1.492745
-1.0191
0.5133772
-0.03224903
-1.910594
0.7157071
-0.04280094
-0.5765282
-0.9361076
0.4264509
-0.519406
-1.230777
0.02248942
-0.7874673
0.1452
1.93036
0.3758277
0.1764332
0.5004552
0.4518549
-1.404986
-0.4470942
-2.761187
0.3404704
0.4522896
-1.125163
-2.11006
1.036011
0.3593661
1.886952
-1.58664
-0.02210023
-0.3891597
-1.886029
1.108145
0.3142508
0.8274204
-0.07098003
-1.6675
-0.418945
1.133532
2.262209
-0.1891299
0.11768
0.9028988
-1.168508
-1.493019
0.2896423
1.11577
1.188047
1.232224
-0.1705898
0.6249399
-0.05293549
2.2967
0.7427178
-0.1123725
0.04104614
1.40802
-0.3139925
0.2202754
-1.019513
0.207051
-1.496127
-0.08888001
0.9278743
-0.5606178
0.1254819
-3.38991
0.7395559
-0.2482088
-0.646439
1.117319
0.3326398
-0.8732194
-0.6487784
-1.241922
-0.6028856
-1.191559
0.2005865
-0.1896999
-1.360611
-1.017583
1.865038
1.697169
-1.360412
1.420417
-0.853583
-1.35423
0.9607932
-1.664284
0.9796156
0.6283388
-1.201863
-0.3754165
0.3281443
-1.295113
-0.9267785
0.1713031
0.4209268
-1.17489
0.496541
0.6403004
-1.351784
0.763508
1.336637
-0.2429331
1.053532
-0.07662726
-1.893488
-1.06647
-0.865743
1.407789
-0.1242607
0.07030845
0.5793157
-0.6140011
-1.385796
-1.206961
0.2970099
0.2239432
-1.150227
0.5423108
-0.2575057
0.09689242
0.1871513
1.917755
-1.288379
1.370126
0.1598991
0.3791038
-0.1707414
-1.416899
0.5016347
1.126938
-0.1215675
-0.1023348
-0.7551638
1.01512
-1.862027
-0.4992068
0.06182919
-0.007404089
-0.7713406
-0.368606
0.9612777
-0.1000021
0.06092232
-0.8575873
0.4329283
1.760288
0.5084526
0.04505052
2.108238
-0.5960311
1.757545
0.7319146
1.382412
-0.06343611
1.240689
-1.383252
0.5130261
0.0201576
-1.596473
-2.310244
0.0770104
1.58297
-0.4869889
0.8187456
0.4560391
0.07093677
-0.6245459
0.2175181
-2.112928
-0.7391329
1.051771
1.164929
-1.586749
-1.303888
0.6375206
-0.3743102
-0.6476462
-0.8410138
0.3256603
0.1995884
-0.1012621
-0.4340977
-1.031492
0.3528157
-1.01072
1.064899
0.634321
1.059369
-0.710646
-0.3159493
0.2719377
-0.5180099
-0.09375903
-0.1315171
1.08146
0.5846664
-0.6569339
0.01580442
0.3144323
0.5581871
-0.1793089
0.02149666
-0.7672537
-2.055878
1.779588
-0.5660957
-0.215876
1.006353
