89.3
88.9
89.1
89
88.9
88.6
88.8
88.4
88.2
88.7
89.3
88.5
88.7
88.7
88.8
88.9
88.8
88.4
88.2
88.6
88.6
88.9
89.1
88.8
88.9
89
89.2
88.9
88.9
88.9
88.8
88.9
89.1
88.9
88.6
88.7
88.5
89
88.4
88.7
88.9
88.3
88.4
88.2
88.6
88.5
88.6
88.6
88.5
88.3
88.8
88.5
88.3
88.7
88.7
88.7
88.8
89.1
88.7
89.1
88.6
88.6
88.4
88.1
88
88
88
88.3
88.5
88.2
88
87.7
88.6
88
88.1
88.1
87.9
88.4
88.3
89.1
88.4
87.9
88
87.8
88
88.2
87.6
88.1
87.9
87.7
87.8
87.6
87.6
87.6
87.9
87.7
87.3
87.2
87.3
87.2
87.4
87.6
87.5
87.5
87.4
87.6
87.6
87.5
87.6
87.3
87.3
87.2
87
87.2
86.6
86.8
86.7
86.5
86.1
85.9
86.1
85.8
86.2
86.3
86.2
85.9
86.1
85.7
85.5
86.1
85.7
85.5
85.6
85.5
85.6
85.4
85.5
86.2
85.7
85.5
85.3
85.1
85.6
85.9
